<TEI xmlns="http://www.tei-c.org/ns/1.0">
  <facsimile>
    <surface ulx="0" uly="0" lrx="200" lry="300">
      <graphic url="../data/SachsenspiegelHeidelberg/Bilder-34572-28186-1600.jpg"/>
      <zone points="314.1,150.1 339.6,143.3 340.6,149.1 334.8,153.9 312.2,162.6"/>
      <zone points="302.1,125.1 312.7,152.0 310.7,162.6 302.1,159.7 288.6,138.1 287.2,113.5 293.4,109.7"/>
      <zone points="578.0,89.0 601.0,85.0 664.0,85.0 734.0,82.0 823.0,82.0 986.0,85.0 1128.0,95.0 1128.0,125.0 1102.0,120.0 1076.0,125.0 1062.0,125.0 1013.0,119.0 989.0,119.0 864.0,118.0 720.0,118.0 700.0,121.0 662.0,117.0 578.0,121.0"/>
      <zone points="93.1,989.3 109.4,997.1 122.9,1006.3 123.7,1026.9 87.4,1008.5 81.7,994.2"/>
    </surface>
  </facsimile>
</TEI>
